% Pendulum Param
L = 0.1;     % [m]  (massless link)
mp = 0.05;   % [kg] (point mass)
g = 9.81;    % [m/s^2]
% Motor Param from experiment
Eff = 0.9994;
ke = 0.05072;
kt = Eff*ke;
Lm = 0.00327239;
R = 3.74;
b = 0.0000327239;
J = 0.000011211;
T = Lm/R;

